61158162
133169164
16056229
100101188
10010211
10011053
100121212
100129182
100160135
10017975
10022135
100225184
100226210
100227176
100236168
10024053
10032171
1003334
100362
100626
10067186
10070126
1007234
10075183
1008654
10089143
1009286
10109106
1010924
10111201
101118229
10113266
101139182
10115219
101176229
101192216
101195223
1011985
101215221
10121745
10121849
10121950
101224109
101224198
101224253
10123206
101234227
10123541
10123761
101241157
10125280
10139125
1014086
10145180
1015199
10156182
1015918
10168136
10170245
1017084
10179166
1018280
10184157
10184249
10192191
101936
10196100
1019727
1019861
10204163
102128195
102135143
10214251
10215222
102154157
10217163
102175110
102175238
10217546
10218561
102189239
10221139
102215165
10222041
1022248
102227212
102229252
1024821
1025190
10253102
10264185
10272165
1027238
103108239
10311384
103118145
103120189
1031202
10313227
10313987
103151193
10317127
10317361
103194150
103205183
10321073
103214194
103230203
10341249
1035230
1036117
1036692
103882
10396222
1039973
10410061
104101120
104102112
104104180
10410477
104106107
10410885
104115118
10411932
10414682
104159183
1041659
10416715
10417336
104196192
10420052
10420152
104204112
10421341
10421789
104218235
10422645
1042696
10439110
1044633
1046443
1048126
1049681
105100134
105128
105144211
10518376
105194139
10521546
10522896
105292
10538163
1054162
105736
10574
1059111
106101233
106128177
106130
10613523
10613613
106139214
10614882
10614921
106155194
10616656
106219214
10622933
10625273
1062542
1064215
1064660
10657230
1065917
1067820
10688197
107104253
107109186
107109200
107119195
1071201
107158220
107164111
107167183
107215114
107221238
107233140
107233234
107236138
107244250
1074166
10758179
1075829
10759178
1075984
1076160
107628
1077979
10788194
108114218
108126227
10814397
108166249
108168150
108195188
10820136
108203124
108212194
108215251
108218233
10821954
1082274
108251179
10825318
108253200
1082885
10837163
10849138
10861251
10893102
1091250
109132241
10913411
109134180
109137126
10915457
109169253
109196162
109206203
109206247
10922486
10924439
109245103
10924638
109251
109252251
1095014
1095115
1096631
1097230
1101082
1101134
11011829
11011866
11012249
110144173
110148137
11017687
110183183
110189241
110196128
110201211
110201222
110210186
11021339
110217235
110222145
110234154
11023484
110247251
1103241
1103722
11043175
11046220
1105012
1106547
110745
1107536
1109880
11106217
11110157
11111391
111117223
111122206
111131153
11113221
111135229
111138186
11114626
11115961
111167139
111167219
111193175
11121790
111229215
11124083
111247253
1112491
1112544
1112890
11130218
11132234
11134229
111418
111456
11147225
11148243
11155209
1116180
11163195
11167193
11181
11186145
11199166
1121025
112118198
112133210
11213597
112145127
112147135
112162180
112163199
112172114
11217470
11217835
112183148
1121921
112192172
1122128
112221204
112228235
112229187
112234230
112237216
11225254
112261
1122718
11244145
11256108
1126210
11273148
11275242
11285179
11311473
113121217
113124166
113134250
113137227
113150214
11315828
113179201
11318712
11320668
113208118
113213112
113214177
1132247
11324148
113254247
1133118
11336166
113578
1136250
1138205
11390248
114134122
114154162
114163114
11416743
114168124
114175104
11418365
114191168
11420345
1142243
11436152
1144015
1144625
1146102
11489153
11489221
1149252
11494183
1149530
11499200
115119206
11512576
11513065
11514047
11514444
115158145
115159186
11517267
115193189
115198222
115203190
115207213
11522025
11522941
11523012
115235188
115250148
115323
1153975
1154038
11572108
115764
1157826
11579159
11584187
115880
1161141
116126177
11612819
11615510
116159114
116164234
11618792
116198149
116200237
116207250
116214176
116218145
11621867
11625437
11626227
1162979
11635216
1165252
11682166
11690218
11691113
1171041
11711320
117126154
117132209
11713382
117136245
11714336
1171481
117156236
11715929
117190111
117207198
117215192
11721633
1172174
117224212
11722662
1172618
11727101
117278
1174271
11757121
1177486
1178127
1178247
1179207
11810561
118118
118121165
11813029
11813681
118138119
11814828
118165123
11817225
118180230
118188161
11819569
118208223
118212154
118234133
118237146
118238225
11824127
118348
11835133
11839172
1184109
11873162
11874105
118744
1187682
119104128
11911486
11911888
119130241
119132155
11915593
119158228
119168108
119180235
11920213
119225126
11923918
119252115
119256
119319
11952166
1195583
1197159
1197647
11981147
1198148
11988166
11995205
12011221
120116118
120124119
120137224
120147175
120151197
120161237
120173163
120187149
12022286
12023142
120238167
1202451
120245214
120254106
1203525
12053229
1205450
12055180
1205629
120629
12074122
1209221
1209967
12104166
121102
121117159
121121166
1211273
121132220
121136252
1211417
1211484
121156222
121164187
1211683
12119187
121208156
121221175
121221221
121232127
121245100
12126198
1213014
12131149
1213365
12136103
12139112
1213974
1215246
1215643
1216027
12161156
12170229
1217242
1218198
12186198
12189183
1219692
1219869
12199197
12211511
122116182
122116203
12212184
122143163
12215137
1221570
12216193
122182162
1221841
122191125
12219219
122196100
122199136
12222167
122233248
12224269
122244213
122249144
1222861
12229200
12231183
12236239
12239134
1224016
12241116
1224988
1226187
12272202
12290164
1229138
1229156
1231113
12311152
123117241
123128200
12314666
12315994
12318182
123182127
12318329
123187117
123198143
123204121
12324587
123247170
12340242
1234283
12345204
12358122
1237737
1240110
12411200
124129152
12413390
12414292
124149105
124174204
124189219
124202
124206182
124209157
12421239
1242143
1242243
12424210
12425385
12429138
12429165
12439147
1244959
1245185
1245888
1246045
124694
1247518
1248335
1248615
1249170
12496224
125038
125113161
12512433
12513760
125138245
125140114
125154206
125197175
125209187
125214126
12521860
125239157
12524140
1254152
125485
1257190
12590164
12599191
1261056
1261118
1261314
1261551
126161156
126174101
126180231
12619248
126194151
12620229
12620340
126207131
1262146
126218106
1262221
1262245
12622668
126238146
1262414
126243203
126250188
1263158
12643100
12655212
1266139
1266146
12667120
1266758
1267637
12686227
12686229
1269064
127106215
12711165
127119130
127122228
127124116
12714194
127151112
127159104
12716863
12717250
12717379
12717450
12718215
127185170
12719871
1271998
12720356
127207242
127219194
12723567
12724813
1273555
12754125
1276127
1276156
12763217
12773235
1278870
12810137
128102250
128105124
128107219
12811978
128126225
128144205
12816248
128171182
12817761
128178192
128183254
12818548
128186167
12820038
12820067
128209116
12821787
12822168
12823535
12824045
128253149
1282889
12840214
1284196
1285210
12861158
12863197
128686
12889116
129113190
129125189
129131226
129137110
12915228
129157211
12916228
129180179
129181
12919147
1292068
129210134
12923316
1292337
129242242
129246159
12927103
12930127
12933140
12936187
12938253
12940160
12967189
1298158
1298486
12987115
12998114
130117235
130123115
130166138
130171173
13017351
130198203
1301989
13020168
130214132
13022329
130230238
1302374
13024218
1302452
130250152
13027149
13054221
13057233
1305747
13092129
13093189
1309434
130985
131101219
131120205
13112077
131125117
13113169
13113468
13115315
13116935
13117771
131182187
131190134
13119181
131206135
131207251
131233143
131247159
131251239
13130214
13133235
13135242
131421
1315410
13166159
13167152
13170122
13182233
1319113
1319537
13198164
1319828
132109221
132114224
13211721
132120228
13214477
1321461
1321589
13218
1321810
132187210
132189140
132219210
13222430
132228215
132235138
132243168
13224431
1322528
13239205
13241200
13246119
1324660
13248240
13250202
13252176
13253248
13255230
13263209
13267167
13282197
13287148
133121107
13312312
133127173
133167243
133190254
13319736
133251182
133251240
133252
13340205
13350221
1335429
1336235
13370106
1337179
134115174
134146114
134156232
134158250
134167120
134174117
13419172
134205202
134225199
134225239
134235194
13423942
13424784
13434239
134440
13468117
13471203
1347215
134744
13476248
13484172
13510192
135111169
135169233
13516985
135189231
1352055
13522963
13524665
135251176
13535149
1353566
1353950
1355582
13561231
13562105
13568140
1356833
1356846
13590191
136100207
13610720
1361137
136122119
13613424
136136149
13613935
136140147
13614034
136142197
136143222
136171119
13617220
13618938
13619828
1362019
136212110
13622948
13623889
13624342
136264
13639248
136413
1364647
13659185
1367377
1370155
137107136
137111176
137138207
137139155
137140104
13714456
137145218
137148216
137149222
137182205
13720915
13722925
13723196
137233164
13723391
137235145
137238150
13727193
1373273
13736179
1374151
1375548
13756152
137758
1377662
13781254
13796126
13796252
138106184
1381100
138117240
138122207
13813174
138139222
138157128
13817362
13818433
138188207
1382013
13822371
138229147
1387221
1388298
139107221
139113232
139116194
13912599
139131206
139135254
13915191
139162233
139166220
139170160
13922426
139229177
13932159
13952168
1395298
1396666
1397912
14010957
140120152
14013287
140136
140136190
140138145
14014750
140155107
140164195
140167229
140168224
140195206
14020349
140210129
14021989
140227136
140230160
140234220
140242107
140242181
14024258
14025245
1406678
14074227
14095199
141101137
141111207
141115111
14112919
1411373
141147172
141148110
14115632
141159108
1411793
141183178
141199142
141200232
141212221
141214168
14122652
14123358
141244135
14125213
1412824
14142151
14142185
14142214
141457
14146191
1414717
14149201
1415374
14160164
14174189
1418053
1418312
1418380
141994
14210945
142113122
142117104
14211783
142134224
14215123
14215249
142179208
14220593
142206129
142213143
142216131
14222358
142224146
14223206
142238215
142246109
1423532
14237147
14239125
14243192
1424641
14250173
14256217
14261126
14261202
1427079
14274114
1429254
143105
143126204
14312743
14312971
1431515
14315417
143158253
143164108
14317241
143192176
14319322
143210211
143213197
14322146
14322150
143223167
143230199
143242139
143249117
1432539
1433119
1433198
14356117
1436457
14372236
1439561
1439595
144102126
144115186
144121185
144124227
14413062
144146236
144153189
1441634
14416976
14417
144192
144196157
144202131
14422090
14422983
14423153
144235183
14432232
1443747
14479196
14490110
1449262
1449426
1450186
145106212
145116
14511649
145124150
14513427
145135159
145148130
145151202
14516999
145178127
14518872
145200224
145206201
145208187
145230189
145239109
145242211
14524587
145251102
14529128
14530106
145356
14540124
1454574
1454747
14561109
14563152
14566141
14577173
14584156
1458580
14586204
146111103
146143123
146146203
14614845
146164225
146180203
14618066
14618791
146197229
146207190
146212170
14621643
146221215
14622259
146235149
146242247
146248183
1463105
1465239
14658190
14664215
1466552
1466992
14681182
14682190
14699233
147108211
14711430
14711587
14715127
14715481
147160203
147161220
14716896
14718168
147185128
1471870
14722087
147223160
14722658
147228216
14722919
147238179
147274
14729133
1473347
147461
14773119
147803
14782189
1478542
14794246
14810574
14811265
148124134
14812480
148128232
148130241
14813162
148154129
148164125
148190221
14822165
148228144
14823474
148250238
14834172
1483971
1485599
1487251
14873211
14873214
14882176
14883130
1489784
149104238
149121114
14915100
149159220
149161133
1491624
14917135
149174219
14918686
14919825
14920142
14920863
14921116
14921184
149213113
149218
1492184
149230168
14924536
1493193
149363
14942118
14943241
14955105
14985132
14993215
15010115
150102218
1501027
15010928
150112197
150135192
150136211
150139118
150140219
150146213
15015942
150179
15019667
150212240
1503129
1507680
15084154
15106177
151066
15110619
15110968
15111071
151125195
15113652
151144217
151145222
151145250
15116036
15117524
151176233
151177186
15117832
151189161
151194
151196179
15123205
15123651
15124048
15131252
15141240
15150216
15152132
15155112
1515676
1516148
15162158
1517363
1518317
1519552
152014
15204173
15206157
1521037
15211012
152123184
15213238
1521334
152138
152140157
152143232
1521448
1521454
1521489
152151160
152152121
15216217
152165220
152173216
152175130
152181223
152184138
15218435
15220751
15221527
15221720
152226125
15223118
152244230
1522550
15229248
1524298
15246121
15246218
1525158
15259155
15262199
15273165
1528171
15310869
153117160
15311761
153132220
15315135
153196194
153232215
153251122
15325465
1534219
15352193
1536119
15367111
15375200
15378208
1539218
154104204
154116
154122145
154154157
154159136
154177194
15417810
154184125
154187166
15420795
154219177
154219250
15439190
15449240
1545431
1546076
15477141
15515108
15515296
15517565
155178233
155183217
15518624
155204249
1552116
1552133
15522252
155246104
15524651
155247140
155254141
1552668
15528236
15531160
15538104
15538155
15539192
1556376
15590249
156107146
156120223
15612782
156136236
15614587
1561479
156162215
15616624
15616762
156173154
156188245
156190119
156199248
156205141
15623158
156242137
156244136
15628156
15634139
1563864
15651152
15666180
15668127
15711844
157119181
157166219
15716680
1571717
15717286
157183108
157184228
15718711
157191229
15719681
15722236
157251144
157254139
15741125
15742232
15744227
15756239
15771133
1578243
158102247
158108163
158120131
158120244
158135157
158138205
158151218
158163
15817191
15818957
15819236
158210160
158213135
15821973
15822168
158230136
15833167
15835223
1586215
15864149
15879109
1588107
1589077
159101196
159105243
15910821
159132233
15913646
159150217
159151250
15915232
15916822
15917025
159171194
15918664
159196155
159202113
15920385
15921454
159228217
15923150
159237172
1595984
15966158
15984136
15989139
160143138
160150140
160180
160185212
160207239
160213101
16021642
160224234
160230252
16028243
16029199
1603573
1604223
16066173
160838
1608790
1610941
161115
161122114
1611296
161135131
16115245
161172235
16117264
161186215
16118698
161190118
161225193
16122550
1612416
16125285
161254254
1613210
1614016
1614063
16145204
1615356
16155158
1616174
16173152
16175218
1618568
16188113
1619237
16195204
16198221
16212733
162143182
162153250
16216059
162165179
162168166
162175233
162185191
1621888
16220150
162212240
162229188
162236181
162239149
162254245
16228231
1622966
16230248
16235189
16235246
1624147
16244135
162450
16250204
1625048
16252163
1626683
16267126
162758
1627781
1628327
16294198
16295185
163100170
16310039
163133153
163141182
16316196
163163247
163168249
163175236
16317681
163214200
1632157
163217218
1632203
163224236
163225235
16322560
163231230
163233126
1632497
16335157
16336106
16342221
16354142
1636920
1637737
16379239
1639329
163942
16395141
1641033
164111237
164123187
16413333
16413663
16416095
16417540
164178213
164189201
16418957
164191239
164204242
164221171
16422274
164227117
164233123
1642333
164235140
16424621
164248108
16425078
16431114
164385
16452197
16454227
164590
164673
1647188
1647244
16474200
16491136
16493188
1649340
165137159
165145
16516312
165165133
165173189
165174186
16519079
16520231
165211155
165217208
165230226
16525334
1652910
165307
1653225
1653523
1654019
16544158
16567184
16571142
165751
1659280
166100202
16611246
16611571
166118210
1661199
166120102
166140104
16615529
166172171
16617312
166181223
166187248
166214142
166218152
1662411
16624178
1662445
1662754
16630204
1663369
16638215
16650198
1665068
16654205
166586
16661177
1666347
16671119
1667961
16690
1669211
16692147
16711265
16712167
16712687
167136
167143212
167149202
167188172
167195168
167217120
167223244
16747148
1674891
1676056
1677125
1677751
1679061
1681200
16812149
168124199
168125139
168150131
1681560
16816091
168164
16816765
168172248
16817617
16817843
168189108
168198198
16820140
1682096
168225236
16823882
168244179
16824986
168328
1685231
1686199
16866178
16871144
16878187
16881232
16890168
16892206
16895103
16911179
16911371
169115105
16911725
16913378
169141
169149222
16916749
16916817
169173102
169185143
169208246
169227197
169235148
16925141
169254187
16941215
1694234
1694253
1695147
169632
1696820
16979243
1699149
1699457
170101126
170112204
170124220
170152157
170155101
17016375
170181128
170181133
17018355
17018979
170192111
17019756
170208135
170244247
170249114
17032253
1704176
170627
17073166
1708812
1709468
17099180
17110091
17110196
171108224
171111198
17111584
171123235
17115628
17116358
171164228
171188113
171211125
171213200
171216182
171220104
171231210
17123943
1712585
1712755
17140149
17141213
17143213
17145115
17155204
17158216
17165212
17166170
171749
1717715
17190142
1719225
17194117
1720437
17210686
17211105
17211182
172117210
172154143
172154147
172158138
172168146
1721738
172177226
17218247
172183212
1721972
172204231
172206136
172209212
172219209
172236141
17223739
172247197
17227214
1723190
1723696
1724433
172445
17250115
17250221
1725732
17266218
17267193
1727172
1728693
173108157
17312261
17314399
173148187
173169135
173169254
1731874
173188135
173196119
17324113
173246137
1733373
1733470
17342222
17359190
173636
17373151
17377166
1738233
1739450
1739624
1739658
1740177
174108141
17411793
17411960
174138191
174139222
17417157
17417265
174177211
174193105
174193118
17419386
17419439
174203250
174208193
17422327
17422413
17422834
174236183
174252253
17429242
1744028
1745313
17465177
1747872
1748111
174897
174939
175100206
175118207
175120167
17512527
175141244
17518315
175186188
17519115
175212246
17521587
175224161
17523157
17523292
17523614
175236231
17524914
17524968
175250235
1753427
17535120
17541171
17543185
175464
17572197
17576134
17580170
17590197
17598155
176101169
176106175
1761184
1761191
176121250
17615533
176165199
17616847
176173129
17617473
176180119
176204243
176206179
176221254
176227169
176229157
176239147
1762818
1763724
1764228
1764322
176471
17680200
17687174
1769055
1769127
1771372
177138132
177145187
177151121
177157127
177160152
177184142
177190137
177195128
177199220
177204113
17721245
177222218
177224120
177230114
17723322
177237
177249160
17725164
1773730
17762194
1776267
17766136
1777112
1778199
178107174
17812928
1781416
178143223
178148230
178153235
17815933
178163144
17817279
178186169
17821142
178215234
17821768
178221206
178239148
178249163
17837114
1784023
178421
17858122
1786447
17870124
1791363
179140146
17914716
179152106
179186116
179191249
179224179
179239140
179244208
1792549
1794392
1795017
17953109
17958174
1798916
17991194
180124164
18015095
180157166
18016340
180172242
180174120
1801828
180189251
180195130
1802040
180211214
180214109
180216211
180222114
180228193
18029216
1803990
1804387
1806490
1807101
18081106
1808222
180959
18096160
1810136
1810161
18106239
181103125
181116110
18112564
181128250
18113145
18113381
181144134
181195218
18119592
18119796
18120135
18120569
181207150
18120795
181212
181221211
181226133
181235
18123596
181240219
181251224
18137115
18139169
18144166
1814777
18152124
18154223
18155179
18162217
18164167
18164195
181654
1816560
18176126
1820093
18207220
182088
1821047
182120176
182131219
182135121
182138253
18214070
1821657
182171216
18218237
182184242
182210228
18221164
18222883
1822366
18227119
1822740
18233110
18234136
1823659
1823748
18243229
1824426
1824747
18264226
18273146
18275117
1828156
18289238
18293237
1831096
183121206
183131100
18313114
183134232
18314195
183176219
1831773
183180203
18318555
183210124
1832185
18322228
183230150
18323674
183246202
18330139
18334210
1833851
18349135
1835175
1835792
1836945
18377253
18382124
18383240
1839624
184116196
18412233
18412266
184131224
184132156
184134129
184141237
184154183
18419075
18421188
184216199
184231153
184239134
184297
184372
18439154
1845249
18477103
1848550
18490209
184917
18510195
185106213
185119167
185120154
18512721
185152228
185161104
185162198
18516442
1851717
185187150
185191137
18519371
185205177
185208101
18520917
18522446
185227
18523155
185237151
185249229
18538104
18547159
18559207
185622
185644
1857245
18573214
18575202
18579219
18583185
18589203
1860134
186103130
18611197
186118174
186122175
18612292
186133196
18617097
18621237
18622569
186244233
1862557
1862880
18653188
18659107
18661195
1866137
18694111
18697240
187117235
187121150
187147236
187158114
18716111
187178175
18718931
18719166
1872083
187215240
18721823
18723752
187241188
187244173
18724645
1872524
18725243
18732245
18738148
187541
1876245
18767192
18769153
18775198
1877911
18810150
188109177
188112198
18811443
188116224
18814619
188148233
188160188
18816334
18818767
188213252
18821559
18822147
1882246
18823292
188241208
188241210
188247215
188250155
18835233
188424
1884677
1885476
1886122
1886193
18872160
1887531
1888125
18897194
189100184
189103165
1891230
18913142
18914116
1891443
18914494
18918454
18920183
189203125
189207136
18922357
189229160
18949209
18954145
18965151
18973237
1898243
189861
1901079
190119235
19013118
190134183
19013597
1901394
190147155
19015418
19016464
190175112
190176149
190182248
190183241
190184149
19019165
190195154
190205212
190208179
190217252
190223132
190223239
190225
190226216
1902434
19024929
190250203
19025164
19025244
19026129
19042207
19055227
19057174
19073204
19084128
19092237
190937
1910869
19110530
1911268
19114343
191160249
191177181
191177208
19117999
1911893
191196245
19121125
191224151
191225149
191242194
1912431
19124983
19126223
19128227
19134172
19139163
19140124
19149138
1915022
191534
191545
1916158
1917058
1917070
19185135
1919120
1919713
19198230
1919877
19199193
19206216
192112193
19211712
19211747
19213168
192140199
19214024
1921494
19215223
192170109
19217025
1921791
19218495
192191182
192202209
192205166
192229152
192231154
192251111
192254224
192367
192414
19242239
1924764
19249231
19253195
1926481
19269139
19291163
1929376
1929879
19299253
193111230
193116178
193129156
19314520
19315655
193158181
193161145
193191155
19319121
19320614
193209126
193209227
19321479
193224167
193228166
19322840
1933444
1935356
19356172
19359202
1935983
1938093
19389246
19397191
194102239
19410919
19412687
19412936
194161200
194182100
19419135
194208177
19423665
194239144
19426230
1943894
19441173
19444158
19444239
1946166
1946826
1947015
1947187
19476128
194815
1951022
195120241
19515744
19516329
19520074
19520182
195211149
1952150
19521587
19522496
1952289
195234152
19524848
195250223
19525150
1952766
1954129
1954209
195787
19580235
19592201
19596223
1959873
19610218
19610961
196120174
19612566
19614154
196144104
19614484
196175231
19617719
196189101
196195230
19620847
196216174
196222247
196235117
196237155
19624185
196251131
19625448
1962777
19629246
19633207
1963516
1964068
196415
1964240
1964559
19647199
196646
19673151
19699136
19699198
197102254
197108191
19711205
197114191
19711998
19713638
197139238
19715521
19717109
19719231
19719779
19720119
19722285
197227159
197240221
19729103
1973213
19732251
1974247
19751208
19770142
1979215
1979343
19810935
1981165
198125122
19813359
198138169
1981483
198151225
198153113
198169173
19816940
19817113
198183152
19818765
198188239
1982074
19821038
1982134
19821716
19822771
198248125
1983158
19834135
19843168
1984423
1984589
19848182
1985713
19858248
1985937
19864219
1987081
1987196
19873230
19874119
19887184
19888163
199100106
199103209
199110121
199145210
199156131
19924164
199249249
1993177
1993188
19939186
1996153
19973158
20011040
20012054
200121118
2001258
2001377
20014536
20016070
20017194
2002247
20022494
2002276
2002278
20023484
200238243
2004419
2005120
2007628
20083191
20094227
20106239
20111179
201123113
2011267
201159168
201162186
20116665
20117184
20119121
2011982
20121529
20122128
201230248
201231219
201239246
20123987
20127222
20140111
2014652
20148181
20148208
2016359
2016757
20169161
20172105
20173247
2017769
2017922
20210386
2021152
202120228
202147232
20215145
202163162
202168205
202184206
202197194
20220348
202214222
202216183
202226116
202241187
20232225
20236155
20237164
20237202
20240163
2024195
20246140
2024876
20259111
20281146
203103228
203130251
203131200
203144199
20315449
20315498
203170100
20317134
203194219
20320028
203203191
203210166
203219238
203234172
203237195
203415
2034226
2036219
203999
20411838
20412940
20413748
20414012
204140198
204143252
204155208
204167254
204169119
204186154
20419318
20421428
20423854
20426224
20448159
2048239
20487223
20493105
205117128
20512119
205137171
20513719
205139244
20514201
205152252
205157113
205160127
205176157
205183207
20520739
205212144
20521467
205218129
205223212
205233239
20524033
205243226
20524540
20525069
205253137
20546237
2054843
20570112
2057257
205911
20593127
20595185
20610042
206108200
20612066
206135134
206136118
20615298
20616201
206171205
206179222
2061817
206187108
206188188
206206175
2062096
206211217
20621171
20621483
206222244
20623356
206237137
206244184
2062527
20625355
2064373
2066597
206914
207100123
20711205
2071164
20712521
20718149
20718251
207183214
207190192
20719165
207219102
207229105
207249239
20728168
2073224
207630
20767229
20781127
2078194
2079041
208119174
2081201
20812320
20814237
20816030
2081611
20816774
20817924
208194213
208198236
208213221
2082158
20822311
20826146
2084363
20862240
20883252
20884197
2088939
2089124
2090229
209101100
209120177
209122202
209123162
209140125
20914477
209166156
209166209
209168149
209187156
209201237
209209231
20921657
209218140
20922447
2092688
2094832
20956162
2097984
2101063
21011923
210131167
21015120
210187243
21022949
210254158
21028210
2103666
2103876
2104617
21046183
2107982
21101170
21104231
21110134
21111140
211113122
21112840
211134252
211148156
21114831
21115138
21115931
211164135
211173121
21117356
21117658
21118183
211184161
2111855
2111874
211192109
21119772
211198254
21119992
2112005
211214246
21123233
21124691
211250164
21127107
21129158
211346
2113629
21140178
21141100
211414
21143155
2115185
21157122
21157125
2116170
21165237
2117614
2117976
2118106
2118325
21187142
2118835
2119048
21198205
2120690
21210108
21211091
21211952
212120239
21212770
21213027
21214221
212153181
212162229
21216525
21217137
212187145
21221939
212227154
21223232
21223414
2122536
21226131
2122939
21232102
2123389
21239101
2124386
2124535
212506
2126061
21287157
2130164
21311868
21312170
213136243
21314697
21316073
21316885
21317110
2131758
21318105
21319364
2131975
213199
21320923
21321079
2132163
21322076
213244218
213248204
213248208
213253186
21326179
21333201
21346163
2134847
213527
21392197
213997
21410536
214114105
214117223
21411842
21411929
214121214
214122198
214134182
21415623
214157139
214159169
214201149
214201168
214209124
214222128
2142264
21423979
2142417
214243167
214245217
214251246
214253138
21433243
21434103
2148143
21491120
21492195
21510486
215137115
215138211
21514560
21514727
215162197
215167218
215168118
2151742
215176201
215189227
2151982
21519829
21520107
21520243
215211139
215212234
21521773
215229111
215232247
2152329
215233107
215237
215237164
215247241
215254
215493
2155124
2155672
2156193
21565213
21578180
2159108
216116114
21611759
216122148
21613216
216132232
21614129
216157151
21617625
216200
216200253
21621213
21621537
216219117
216249170
2164169
21649200
21656253
21661103
2166146
21668197
216737
2167748
2168975
217033
217107210
21710746
2171096
21711858
21712373
217130239
217140111
217144
21717236
21719661
21720126
2172113
21723228
21724192
21725119
21725161
2173146
21750241
21757144
2177262
217738
21776141
21796109
218102110
21810776
21812682
218130153
21816129
21817745
218184101
218201118
218221145
218297
21832145
2184498
218546
21876119
21887100
21910123
219127182
219134134
21915854
219166225
219168123
219185191
21920
21920347
219224228
21922880
219569
2196647
21972191
21981139
21984125
220140215
22014585
22014983
22016231
22016584
22018241
220202110
220205127
220206104
220217122
220239143
220247171
220249156
22026103
22035177
2204152
22048200
22058243
22070160
22086119
2211126
22112291
221127233
221144160
2211488
221151200
221170133
22118159
2212042
221205221
221206185
22122427
22123228
22136223
2214027
22142152
2214611
22148124
2215078
22163
22163169
22170212
221741
22176147
2219317
2220076
22201210
222103238
22211762
222118150
22212455
22213217
22213990
22214492
22215531
222158116
222159114
222168200
22217126
22217151
222184210
222185120
22218784
222195119
22220178
222208198
2222139
222230191
22223283
222242203
22224417
222246190
2222825
2223191
22245220
22249
22249128
22267102
2227910
2228155
2231279
22314198
223156175
223158148
22316534
223190158
223191
22319214
223203228
223211190
2232197
223243115
2232525
2232794
2234247
22351138
2235212
22352136
2235269
2236489
2238013
2238059
224102217
2241040
2241138
224121223
2241240
224125114
224134159
224156216
224173128
22418529
224193126
224211227
2242117
224212149
224226228
2242325
22423531
224254164
2243492
224353
2246498
2246692
224964
2249915
2251055
225106234
225116145
22511845
2251189
225120122
22514366
22514761
22514962
22516148
225163208
22516691
22516918
22517072
22517112
225195180
225196176
225203167
22522643
225234151
225234196
22525142
2252539
2252544
2252554
2253716
22543193
22551
22557170
2257095
22572181
22590203
22596137
2259759
22599212
226101222
226102180
22610347
226106240
2261067
2261222
226142139
226147103
226161219
226170147
226173143
226175128
226180175
226193
226194234
226196196
226219112
22624109
22624238
2262635
22647171
22652120
22676169
22698223
227111149
22713146
227135204
22713778
227140192
227145
22715990
227174160
2271758
22718852
227200148
22720913
227216152
227229236
227236223
227246244
22730253
22739217
22755203
22762240
2277948
22811531
22811821
22814781
228151115
22817181
228173117
22817841
22818551
228205101
228207235
228209199
228211172
228216241
22828165
22838112
22844224
228477
2287197
2287316
22883103
22898226
22910678
22911360
229120220
229122186
229130234
229158198
229180107
229180243
22918295
22922433
229237194
22924447
22933188
2293544
2297646
22984218
22988169
22998115
23011153
2301117
23011418
230121186
230128151
230129138
2301316
23014285
23014733
230155158
23016152
230177209
23018180
230185149
23018911
23018999
230191155
230232175
23023512
23031138
2303117
23031199
23037190
23038144
2303836
23048198
2307180
230904
23108211
23115531
2311558
231157102
23116195
23116811
231179115
23118510
231193233
231196241
2312062
231209114
23121620
2312194
231226177
231237157
231246101
23143110
23144174
23147202
23151
231565
2316219
23166113
2316768
23170142
23171226
2317315
2317871
2318123
23182236
231837
23185213
2318574
2318596
23190154
23193235
232104108
232114198
232115175
232126157
232129108
232140106
23214826
232153129
232153131
232159153
23216732
232176218
23218241
232184178
232193118
232199222
2322143
23222328
232232136
232234125
23241104
2324114
23243196
2324953
23252218
2325990
2326209
23266174
2327370
23283248
23297210
23297223
23297242
2329788
23313343
23313624
23314208
23314958
23315774
233169252
233186177
233186182
233196157
23320391
233228124
233248181
23325256
2332790
23337107
233395
233513
2335237
23365136
23366106
23366168
23367222
2337525
23385101
233978
234103166
234107105
234113166
23411956
23412142
23412268
234130179
23414668
234155102
23416496
234169242
234181232
23421249
234220135
23424185
2343244
2345124
23461127
234659
23475163
23510156
2351132
23512431
235126206
235142110
235152135
23516206
235178167
235192106
23522897
235230223
23523079
23525033
2355458
235658
23568226
2357453
23579195
2358542
23589194
236110178
23614156
236149172
236158120
236167187
236169247
236172198
236200245
23620221
23620343
236221141
23622235
236224136
2362275
23624797
23630128
2363243
23657119
23660169
23677123
237122116
23713968
23713998
237140254
2371477
237148123
237157217
237168221
237171229
23717432
2371891
237189184
237230122
237234196
2372533
23725488
23731225
2373162
2374377
2374464
237456
23749210
23753101
23762156
23769169
23783233
23785234
2379277
238104116
238110182
238110215
2381158
2381207
23813153
23813787
238154245
238205211
238210135
2382105
238215220
238216131
2382294
238230213
238232148
23823263
23823279
238247163
23825025
23864237
23865247
2387028
2387149
2389224
239101161
2391341
23913544
239155237
23915599
23917441
239178247
23917918
23918655
239193
23919448
239201249
2392151
239218205
239220
23924269
2393070
23953131
23954214
2396218
23979153
2398155
23991
23991216
23994103
24010118
240108162
24011853
24012248
2401282
24013071
24013118
24013630
240150112
24015697
240164248
24017147
240174204
240175112
24018582
240194145
2401977
240221156
2402244
240225142
240226227
240227119
24022859
24024517
24033107
24044214
24058117
24065253
2407190
240949
2410460
24110470
24113428
241136207
24117216
241178242
24118242
24118799
24119088
241195170
241205131
24121141
24121834
24123152
241239198
241253163
2412628
2414032
24141237
2414162
24143154
2415299
2415536
2416146
2416593
2416594
24166174
24170252
24172137
2417638
24180157
24188112
24191191
24204208
24211204
242114170
24211558
242139126
242147246
24215153
24215347
242159134
2421677
24217128
242174142
242178133
24218474
242195247
24219913
242213252
242214201
242223114
24222829
242229189
24223615
242240152
242249117
2422546
24230213
24249244
242526
2426105
24274231
2427470
2428130
243101198
24310775
2431112
243119164
243121160
24312751
24313030
243131123
24313158
243134163
24315896
24316386
2431643
24317139
243180
243180134
243183252
2431904
243199203
243206196
24320625
24322534
243232202
243251139
243492
2435234
24354195
2435538
24366182
24368151
2438673
2438685
2439497
244102129
2441121
244123152
244133149
24414109
24414533
244177183
244182132
244185139
24419443
244199
24419949
244230200
244233169
244240143
24425244
244281
2446681
2447861
24488181
24490194
24490217
24510320
245106155
2451113
245113215
2451193
24515259
245153168
245166213
245171164
2451870
24522131
2452292
245230112
2452312
24524588
2459312
246105221
246108179
24611823
246122127
24613080
246133177
246163145
246174152
24620061
246208204
246216156
246217136
24623126
246236230
24630160
246392
24663233
24665142
2466962
2468149
246872
2469024
24691174
2469143
24695151
247100139
24713418
247158107
2471595
247189254
247193110
247198176
24720158
247207242
24721851
247238136
247266
2475715
24768121
24778146
24790152
24810348
24810799
248114159
248134254
248139236
248157154
248195110
24819540
248205206
248234115
24823794
248239142
24824287
24825240
24831107
24839163
24848177
2487105
2489165
24910381
249105213
249114116
249116130
24912155
2491251
24913155
24914198
249146138
249151
249153122
249184107
24918987
24920261
24921238
249215157
2492254
249241155
24924181
24925348
24930120
24930176
2494151
249504
2495237
249588
24964207
2496423
2497547
24992194
250103209
25012145
250127107
25013241
250166206
250192243
25022289
250223100
25022416
25022575
25024987
25051201
2505216
25077162
25093131
25098161
25110296
251106150
25110695
251118107
251125132
251141202
251145103
25116459
251173248
25117964
25119473
25119485
2512066
25120676
25121948
25122114
2512334
251237154
251239126
25124145
25124245
2512766
25128197
25131200
25134159
2513438
2513976
25140175
2515234
25156165
2515628
2517750
2517835
25180179
251817
25182
25183133
25187202
25194206
2519666
2519897
25212031
25212045
252133205
252147250
252166110
252167193
252168112
25216879
252178178
252185177
25218879
25220242
252213221
25222219
252231188
25224093
25224255
25231169
2523267
25233241
2524766
25253196
2525717
2529428
253102229
253107140
253118100
253124250
253127167
253129
253131187
253135139
253136211
253144131
253149146
253150101
253154131
253155153
25320375
253209242
2532105
25321358
253228159
253240225
25325208
2533371
25340
2534200
25347172
25352130
253689
2537019
25377127
2538752
25390211
2539088
25410725
25411215
254128132
254140211
254142246
254146129
254149113
2541654
254169109
254178175
25419717
25420209
25420334
254220127
254222109
25430
25435122
25439225
2544187
2544648
2546293
25466244
2546671
25468182
25474239
25484107
2549653
2562235
257782
2581226
2583126
2593151
2594154
2610935
26126103
26144160
26144224
2614647
26158126
26167188
26167196
26180154
2618137
2621329
2622041
2622550
26253213
262943
2630246
2673221
267621
2678221
27115190
2713143
2714829
27195164
27199201
272004
27204180
272044
27212121
272128
27215101
27246123
27254233
2733190
275387
2758166
276634
2775206
279197
2810253
2810831
2811164
28122116
28128171
2816662
2817296
28188213
2819358
2822462
2822732
28236129
2823779
28242234
28244244
28267
2829212
2836
2841149
286622
2873142
287958
288150
2883249
29060
291
29100142
29106187
29118215
2912921
29134220
2914554
2916778
29179119
29181212
2919829
29207133
2921419
29227148
29236230
29238173
29245171
2924624
29253132
293254
2934145
29411
295186
295714
2966100
297162
2989131
30105236
30115159
30124122
30151120
30168117
30171178
30186101
30186215
30190154
30210254
3021075
3021476
3022132
3022167
30226237
3022769
3024114
3026166
304149
304465
3051218
3054252
305930
3063175
3064213
306474
3076215
3092216
309252
3110345
31109215
31123126
3116211
3116365
3116386
31169112
3117396
311875
3119107
31200245
3120214
31208136
312192
31230113
3125166
3134215
3135173
3143246
3144194
314754
3152242
31569
3159104
31628
3165155
316530
316868
3169213
317074
3174244
317855
318279
3207126
32116193
32118250
3212249
32123158
3212532
321358
32143182
32154144
3216194
321734
32177105
3218223
3218376
3218415
3218524
32192105
3219447
3220418
322100
32211186
3222779
3230253
323238
323250
32349
3242135
3251164
3252235
3262249
3267237
3269
3280212
32852
3286202
3298173
331148
33118240
33139100
33158140
33177219
33188112
331967
33197164
332185
3322834
33230122
3323043
33243189
3326157
3330105
333667
333719
334110
334336
3350204
335244
3360228
3379207
338711
3391126
341046
3412141
34129156
34131151
34135113
34195147
342133
342144
34227251
34230233
34234136
34242185
3428222
3429144
343029
3442238
344361
34525
3460153
34603
3461177
3464201
347243
3473160
3491205
3499191
35105194
3513142
3515214
35172156
3517234
3520241
35213213
3521775
3522138
35237121
3523942
35242243
3574111
3586109
359111
3610147
36113138
36117248
36123209
36151249
3615751
3616426
36199218
3622107
3622190
36222130
36225103
362277
3623099
3623183
3624214
3630193
3630216
3640113
365222
366946
3684126
37146129
37184102
37191155
37220223
3722171
3722256
372252
37227149
372303
372333
3724211
37242252
3731116
374980
374992
3764169
3780139
379595
37994
38106253
3811163
38124116
381471
3816138
381679
38174252
38181118
3819140
3819646
38206237
3821186
382299
3824586
38247236
3832193
387465
38885
3890153
3897112
389979
39100133
3910312
39112231
39119148
3912393
39132191
3913238
3913252
3913430
3914138
39154237
39158203
391641
3916535
3916936
3916955
39176127
39189205
39202209
39208170
3921185
3922236
3924017
39242162
39251199
3936212
3936237
395336
395592
3968210
3975177
397548
4010249
401121
40115186
40122158
40137188
40144121
40144148
40173248
40202134
40217189
402212
4022240
4022837
40233125
40244129
4025293
4040186
4044191
4055233
4062147
41128151
4114151
41157174
41158
41168138
41176235
41181241
41204158
4120563
4121745
41227125
41235189
412768
4134237
413812
41537
415426
4159130
4166225
436238
4167153
417139
4177105
4180110
4182178
41858
4186114
4191239
4193196
4195123
4197126
4199151
419955
4202173
42104230
421312
4213133
4213173
42148196
4214866
421496
4215103
42167137
4217241
42176246
421764
42177140
421812
4218191
42189198
4219214
42200177
4221746
42241204
42244190
4230163
423184
423585
423653
4239222
424179
4250231
425277
426251
429816
4299168
4310089
4310313
43108170
43109166
43118149
4311892
431223
43128202
4313259
4315779
43178213
43181125
43190249
43193204
4320257
43205
4320966
4322532
43235189
4323555
43243157
43244211
43291
433663
434882
4350182
4367192
4372174
439102
44102131
44115
441289
4414120
44147124
44161126
44168138
441821
44195138
4420486
44211231
442123
44223181
44235211
44252147
4425450
443812
444863
447260
449054
44911
45100107
451054
45106186
451092
4511543
4511546
45119156
4512113
45125177
45125241
4513479
451455
45156118
4515744
45166177
4516945
45172205
4517878
45190
45195110
4520139
45206231
45211149
4522173
4524073
453265
4539148
4559118
4571121
458175
4588162
46102224
46126131
46142233
4614276
46150219
46157188
4617337
46182216
4618656
4619678
4621224
46219133
46221153
4622218
46227151
462311
4623687
46294
4634147
465145
465215
4656150
4660250
4665210
466561
467121
468726
4689215
469133
4696238
4711227
471252
4713164
47137
47151142
4717813
4718110
47204211
4720683
47207169
47209216
47237213
4737207
4738241
4739203
474095
4749216
4750209
476888
4798248
479896
48115143
48130122
48139254
4816109
48172195
48189247
4822085
48253237
4847162
485817
486438
486825
48716
487214
4872227
49106235
4913182
491348
49143207
4916195
4916480
49167192
49180155
4918328
4918375
49202220
4931184
4943118
4973128
4976217
4977197
4979160
49832
4990231
50113185
5011514
50143218
50149172
50155159
50164169
5018451
50200226
5020342
50205227
50208191
5021374
50232205
5024945
5043200
504373
5048102
5050121
5074209
507610
5093205
51108198
51121100
5113713
5113743
5115860
51166139
5116919
51179231
51193126
51204
512053
5120925
51214189
512188
5124156
5131197
5133
513369
5144147
5161117
5164153
516790
517223
5174104
5174214
517489
5177161
5182131
518410
518412
5188108
520948
5211153
5212019
52126150
5213345
52140177
52146214
52160164
52170217
5217299
52178195
5220995
52217213
52228187
52233185
5223428
5224138
52246139
52246216
522838
5230149
523438
5237120
524139
5243211
524736
5271219
527525
530182
53101138
5312299
53125172
5313446
5315952
5316483
53179142
53182184
5318263
5318268
5318527
53196181
5321764
53219220
5322859
53232166
53252174
5326123
5352185
535728
5360130
536581
5376136
5376199
5388188
5395100
54106101
5411619
5412486
54126132
54130232
54135203
54139229
54148218
54159244
5418070
5418444
5418913
5419116
5419248
54203184
5420744
54219134
5423517
5424215
54269
5436238
5452169
5455211
5462119
5464147
547104
547138
5472123
548215
54902
5495
5495125
549836
55020
5511233
55113189
55118217
5512172
55144154
55150230
55154123
5517848
5518195
5519165
55202151
5522099
55236155
55244155
5524948
5544
554679
555195
556882
5594234
56074
561100
5612889
5613553
56147249
5615179
5616642
56178147
56181109
56197130
56209196
56221
56243230
5624472
5625069
5629254
5640221
5651
5652107
566969
5670199
5697228
57112182
57116138
5712119
5712220
5714120
57156243
57171185
5717770
57191131
57192224
5720246
5720446
572105
5721148
57239233
5724178
57247137
5750244
5758189
576117
577103
577199
577880
5787219
5790119
5793172
579592
58101182
58107203
58114220
5811441
5811782
58122166
58126222
58136218
5814047
58142197
58163107
5816551
5817372
5817695
581818
58206120
58232131
582452
5824838
5833118
5836123
5846201
5851185
58654
5875190
5878124
588218
59101147
5910665
5912
5913966
59141218
5916752
59168106
5917354
5921227
5921398
59217176
59243142
592469
594295
5974206
59750
6012410
6012742
60135190
6013885
601556
60161228
601668
601814
6019410
6020136
6020328
60205199
6021489
60217110
60228191
6025211
6056129
607693
6096112
610192
6108147
61112133
61115109
61119225
6112150
61125114
61131
61146197
61154227
61155224
6117248
61185224
61196118
6120195
61209229
61226204
61239147
61249129
61254162
6126119
612619
614189
614236
6146215
61487
6151145
6152184
615610
6158116
6160246
6164174
6166115
6168250
6169251
617188
6172149
617670
6180116
618105
618513
618695
6189185
6199165
6200138
6211242
62115181
6211833
62125208
621266
6214172
6214884
62152122
62163234
621798
621910
6221110
62216224
6222967
62246122
622495
62251125
62254116
622688
6230186
6235167
6235209
62354
623792
6261220
626128
6264243
627244
6274106
6275152
627763
6278175
6298126
63137100
63137224
63145250
63148210
63173167
6317765
63181133
63182189
63194237
6319890
63214116
63229203
63233114
63237212
6332141
63343
6342252
6382165
6386221
6392177
639330
6412314
6413239
6414337
64155226
6418933
64199121
6420311
64210171
64211218
64215135
64223155
6422352
64235143
64237229
64248100
642515
6425249
64254237
6455230
6458111
6479214
64931
6498
6511174
65112102
651153
6512847
65129207
6513978
65144147
65147133
65154182
65169210
6517153
6517896
65189219
65213139
65219169
65224228
65228119
6545218
654927
656178
661127
66118142
661442
6616851
66179143
66184111
6620
6621765
662180
6621875
662536
6630114
6655130
6675125
667734
668253
6691196
669235
6710153
6712529
6713295
6715212
67190113
67209138
67210207
67214186
67226131
672348
67251191
67254179
672633
67453
6759196
6771122
677213
6786162
678668
679579
6811194
68119226
681266
6813359
68134232
68146220
68147103
68163153
6816728
68168116
68187114
68190207
68200177
68204128
68204155
6823288
6826203
683210
683219
6843243
6845188
6850253
685542
687284
6878152
6887217
6895143
6898240
689992
69119186
6913755
69142101
69184218
69190208
69195209
69197181
6922253
6922926
6924281
69250206
69274
6931216
6936138
6947194
694826
695764
6963115
696616
6971201
6978110
7011521
70130160
70133228
70164130
70165176
7018857
7021651
7022218
70232177
702370
7023786
70254
704570
7047208
70562
706168
7064175
7070105
7081144
709270
7094233
7097110
709763
71111195
711209
7112191
7114155
71142
7116182
711676
71175165
7118627
71199146
71204107
712049
7121247
7121287
7123843
71239219
71240188
71245142
7124918
7130146
713132
714421
714995
715011
7150128
715206
71527
7154186
7167141
717232
717274
7188169
71904
7210399
72111182
7212042
7212135
721217
72137176
72151177
72158218
72160222
7216636
7216879
72187162
7222676
72237223
7226108
722765
7229238
7235182
725239
726271
7265198
728816
72910
7298104
7310114
73104225
73113250
731196
73132227
73139211
731436
731516
73157188
731677
73170144
73174144
731752
73179193
7318239
7319085
73203173
73203231
73209147
7321447
73229118
7323135
7323369
7323464
7333176
73366
734040
735474
736319
736458
736896
737197
737925
7381212
738786
7390185
7393139
7397242
7410982
7411854
74139164
7414209
74144180
7414554
74162161
74168250
74185144
7419358
7419976
74234165
7424030
744177
7460117
7478219
7480209
74815
748178
748682
7491152
749156
75101204
751234
75129197
7514617
75150164
75158136
75169249
7518468
7519130
75200201
7520189
75209162
75211225
75212123
75214243
75214245
75218245
75221134
75223143
75237248
7532150
7540182
7549127
7553225
759083
7592179
7610114
7610254
7610465
76105176
7610840
76111252
76120231
76122154
76135234
761392
76141
7614375
76170248
7618075
76187107
7621231
7621533
76221152
7623198
7623318
76251236
7634162
763983
7655206
765619
76633
7674251
7677228
7680152
7682114
77103137
7710973
7711692
77120228
7712940
7713110
77131185
7713614
77142204
77151234
77161193
77184219
7718696
77188248
77204107
7720886
77211215
77217219
77227247
7723675
77246149
77248105
7725035
7727212
7727241
773154
773930
7745151
7746239
7752137
7761173
776126
776698
7775146
7810035
78119140
78167138
78170183
7817148
78178147
78194156
78205102
78209182
78217175
7822482
78228
7822998
78233221
78244179
78254147
783242
787119
7874229
78754
7889158
79120211
79123173
79125170
7913
79132227
79144155
7916036
7916879
7918091
79185196
79195121
79206198
792174
79234161
7929108
7932253
794215
794592
794731
7964208
797031
798207
7989168
799129
7992134
8010214
8010790
80119153
80148156
80149181
80154237
8015428
8015781
8016527
80178115
80183184
80184240
8018774
8019150
8020385
80229213
8039227
8064183
8066187
8072167
807265
807585
80893
809130
8097216
810094
81110142
81113145
811153
8113248
81135112
8114150
81159
8116187
81167244
81170190
81173142
81181215
8118780
81205209
812199
81237215
8124127
81249156
8125200
813628
815738
8161200
8164204
816774
8171150
8180238
8181254
8182206
818319
8185125
8187221
819183
8192136
8195236
820787
82104113
821210
82131243
82136167
82139163
8214562
8215971
82184136
82187160
82197195
82213117
822195
82222133
82232133
8225119
8225200
822993
823540
8237165
8239167
8244181
8244186
8245210
82498
825296
831064
83119178
83129239
83132228
83135235
8314019
8314092
831557
8316214
83164224
8317049
83191165
83205179
83215131
8321850
8322494
83230173
83235235
83236212
83239209
83246100
83247109
8393126
8410053
8410480
84115215
84119193
841211
8413052
84147151
841517
84170196
841728
8417564
84179217
84185240
84202234
842045
84233183
84235144
8425105
8428109
842840
8431237
8441240
8456175
8462207
84762
8480242
848567
8487227
8488150
848847
8493205
849757
851168
85122198
8512380
85186179
85192100
8520555
85211254
85220189
85224190
8522455
85229110
85233135
85237245
85244209
8524834
858073
8582165
8585124
859188
8611655
86117230
8612553
8612635
86134247
8613434
86164191
86166141
8617850
86199200
8621777
86218200
86234128
86235150
86242227
8625396
8632111
863415
8636115
863620
8645131
8656110
866461
867263
868751
8692221
8695184
869834
87107143
87118118
8711937
8712240
8714134
87148156
8716083
87165133
871821
8718718
871961
87204230
87206242
87222140
87222196
8723596
8724163
8725132
8725346
87272
8750137
875148
8782124
878361
8796189
8810054
88117139
8812649
88128224
8816129
88171133
88172230
8817532
882141
8822141
8823183
883083
884911
886176
886790
88688
887200
88814
8890156
8893191
89103114
8911664
89134104
8914924
89150190
89167231
8917454
8918358
89198120
89203195
8920378
89204121
89212124
89219
8922361
89225209
89226132
894492
895130
895137
8959192
8960233
897565
90109161
9011648
9011935
9013924
90144175
90160118
9016247
90164120
90178187
90181150
9018240
901832
90184212
90193138
9020319
90205183
90209163
90213113
9021370
9023866
9024110
9024584
902463
902964
903135
903221
9038224
90637
9073112
907345
9075180
9090248
90974
911234
9112368
9114014
9114186
9114321
91152207
91172235
91210178
912216
912218
9122951
9124730
91252238
9127149
91284
9129158
91388
91424
91429
9143107
9154197
9159175
9169224
917115
917175
917818
918823
91896
919104
9199221
9206231
92100113
9210080
92108109
92111104
9211887
9212219
921256
9212916
9213689
92137107
9213846
9216164
92165214
9216564
9217456
921752
92182178
9219252
92193146
92210143
92215159
9223138
92331
923834
9251221
9260174
926087
9267147
93110174
9311934
93126155
9314194
93152122
9316133
931838
93198156
93198199
9322290
9323087
93240174
9324621
9326
934151
9347116
9355224
9364140
937889
9387194
9398254
9410390
94114129
94115117
94144200
941536
9415781
9417180
9418959
9420241
94206183
94210187
94244163
943168
94410
944862
9457220
94701
951241
95129134
9513328
9514630
95150164
95161142
951687
9518029
95222147
952263
95227191
95234168
9524931
9524992
9525103
953237
9561131
9561202
9592152
9613257
96133128
96133135
9615524
96160133
9618489
9618942
96208247
96211193
96213181
96227250
96230188
9623076
9627162
96458
9668171
96741
967988
969195
9694187
969650
9699215
97049
971084
97111122
9711572
97147225
9715478
97168184
97175200
9717837
97184
97189154
9719588
97201238
9720632
97209101
97217167
9722712
97233117
97236219
97239115
9753
978219
979179
9798156
98110238
981141
98118248
98122215
9813520
98137239
9813759
9813934
9814239
9814279
98160131
9816653
98182174
98221146
98247138
98318
983773
9850146
9857159
985756
9873163
987346
9880185
9883167
989131
9892191
9894188
9910764
99116134
9912200
99134237
9913846
99159111
9918247
9918368
99190222
99194177
99222162
99227120
9924943
9935194
993963
9961144
997070
997194
997944
247134167
17010132
1167751
24622196
1912587
1979634
16811796
2222357
2498624
18171162
11518559
8080102
14711593
94219120
153224135
6020393
222138243
1612411
6111566
10657168
106190113
745927
121220152
170175123
19533176
228231109
25024043
1518184
63218162
825621
4798114
1378346
6550166
8020211
223226199
8230102
80239165
139176152
5221595
2548570
2543172
12770151
15023262
25112793
141164152
72210175
12819858
6970131
12314173
1259173
15420138
10920751
58373
2710530
60222176
6511685
15119913
343933
16721981
19817415
56147198
80534
6420566
11476222
11646117
2441177
14618258
204248135
9815887
322104
95127146
71200241
30122182
198143105
187208241
24034180
148186218
2421175
168245229
22383
1765212
58154101
15151164
19867134
220174243
21873231
132140184
173104245
118250211
164198237
245155185
23810718
2502136
18234192
5107247
18720526
118250179
174207193
47137152
9015020
5754198
10946104
16311227
2452234
175193148
56222103
8414685
628136
22412135
4291134
583044
3274141
110137144
204224100
81173248
149127250
371429
212221212
41239159
8228215
22753157
2336233
18618826
15012200
23856147
2011053
5225245
20714887
35219180
96155225
95246173
922136
16184113
8923241
15522934
8524344
61281
6630139
18041231
139156239
99127248
19124216
17881218
15232240
11644189
211232111
136165117
1877567
217203152
211213159
25314351
157218125
24623060
1569753
196203129
132139127
83245111
4125065
11218533
33103128
3117481
216187175
19220833
344839
18311089
14013948
3615184
5020973
151108190
22221079
20118844
4716423
108631
24620623
206141
24393207
16464144
191248239
182266
10320346
151249129
9105147
3019873
1208237
13585216
138249248
248245174
200196109
14966215
14013279
2076203
24945228
223123145
191112193
22612126
6411389
1813118
1062468
15593132
1832511
2026847
201168253
1313710
2443729
16417454
9422857
182232142
112193218
242117254
99954
20515424
155251149
17510838
2182102
9110446
110104186
6310458
67230244
73209251
14675150
23614662
353895
2413045
17243104
221145235
4769174
24213127
24938106
47149160
229203154
6152232
71539
7599136
48174185
150131218
109148185
2216461
205100201
240249160
1009265
1629277
6223864
11945110
84102190
2516566
2169252
822226
18117181
119175163
1953358
183191220
23314844
14024864
7202116
11767244
41103219
77170246
48730
4218115
24913994
11720229
253244154
2262251
23320175
17255130
5985221
20779245
16621780
192138192
82104194
184235152
208118254
14416753
167142235
11650139
196222135
1175944
874872
243136117
45209104
190131204
1695217
7391186
5390196
6919456
228230121
32135234
27073
11264108
349213
90231128
18856182
25024461
4918417
25212107
24225085
18321235
15917488
209177177
18032118
27323
10362229
853239
117233123
14324610
1053027
2623028
8016188
234768
244157173
1548792
80249241
8732195
182248116
1486389
4791187
46133102
5417125
121184108
1667987
22261117
25154160
216135180
8963164
2359992
16110561
89122150
41203229
17458253
1092511
23715716
243195125
197222200
3069158
2126490
111244232
15314355
116186225
24413760
15433214
4223153
128231113
12674138
771833
75152127
160202225
1732155
7199109
4855133
1676254
206250215
32160236
15820319
168223132
173252108
27107138
252126194
2085857
14632104
14523666
17390126
132123169
121248188
212155186
18520083
12417025
121239212
250198162
17116882
324275
1779149
82155171
1872485
75159250
249160144
393762
1296922
190106227
2252028
11622535
77181150
89126152
11822180
59115136
935128
94169249
1092048
183141106
8620958
135185160
7882
3622387
2272493
101140224
227121191
37211217
102128144
17016141
2298254
10922100
189178183
181138103
491476
8211616
20918662
14850130
24691167
38113170
6217179
353141
205246148
3818471
231226194
3521968
7526230
8730137
15114518
18487106
5210033
47217127
194173101
220757
2162287
13414655
172129141
250213100
146142121
7913958
13814050
24918184
5862221
9122076
100233233
426274
18255138
11415153
200179131
21721818
12212134
50215150
62244207
180223221
11095233
11223155
173206110
9288227
213112222
5522430
21719178
160230
4121733
236103216
17111410
2343834
1640212
1918250
4426141
120223191
784731
126202167
157160246
19861253
267778
14987116
9941104
24010623
11775212
198101230
250239167
18337226
23819535
197254105
74150246
158230252
11815479
86126241
206208108
1017227
2372223
193145
149104215
21310928
135203145
150247242
12244173
11817481
24584203
23810654
1434655
1191341
5013242
818543
14191195
6115746
1897203
191231168
89216235
77218157
9720154
14441162
23653147
29234137
82295
11223180
82948
14511128
3069166
4917183
149239113
37158244
81191229
1120186
11921831
20318539
4913799
21917235
231148144
1463680
312558
62218243
34215197
4028235
97199240
9821254
16422412
2436872
1769042
250190237
15558192
157833
17212225
5446191
235216237
197225107
99100190
566145
523529
282097
194254131
33231171
211203173
243521
130107160
110196204
225213112
18211513
8381138
194205235
105186202
4223119
250108212
23197176
1468104
169245128
45208250
11515830
10716224
2491662
238653
147204205
13949181
141868
159251137
14997121
84230131
861293
717876
207247128
7820347
7687122
16487115
10848253
17199186
8414551
71165137
110204180
1775686
110184170
1512416
3419165
820918
227217190
253152
7215577
138225100
127825
64146182
17515069
154219146
13977225
2075474
1236410
24721680
91844
81124171
17211097
2821240
142231205
254910
3520126
231158199
20877220
3466211
3387244
21019117
9943105
21217865
10988126
614061
171144201
21462222
75124107
9225184
2726188
18154214
11888226
13119216
17177
138161250
416154
1034146
219420
1946928
13122209
17521143
128141241
8923283
84243130
13030242
10410657
210104117
23921111
1098243
1488120
16923140
200114179
1266560
47189182
4922054
6222125
171104234
14232187
14620450
20877167
22415733
12121776
182236149
1128210
48171189
1421339
19425490
192160252
1285613
64111107
8993188
5058122
195788
17292230
13181156
164113121
22810284
20517248
1701571
20847104
248875
1753184
15193137
248111227
19723476
225170234
23518170
86104203
13717191
73109157
175129219
201226140
31145223
4748166
125251182
237120172
99137155
20335151
12311521
10022512
15742125
107145253
2097466
10112124
21862129
163194235
7114856
91180134
210146131
221140217
1732043
150160254
7295229
10711098
152224
14021927
196594
39161237
108673
131531
3287132
125190161
215133146
153217214
2162206
14512692
1845495
20360155
2925456
210233251
21221510
16222208
10754170
2845200
141180131
2629202
82265
201196194
8523185
54133147
9123622
89165223
222191150
11714513
12868111
24726124
20223043
164194231
205117184
207183170
41191189
12115629
94254
1805659
25217776
6821160
9322068
1992125
1110340
102181119
9332222
81231154
113181131
1617375
19520890
5515976
78250189
217131245
16177187
38789
8320619
2015569
3316898
723478
166199125
5916526
98157159
96140101
18039217
10187187
151156125
247253212
23613220
23265118
12957204
9518935
15010814
23981112
46130162
52684
5814436
1392189
24017068
20513174
19919460
14510162
18611479
23614752
76592
82104117
139220241
2119640
86187184
198136145
541428
20650125
18422316
24985202
1252230
124846
15381144
7616986
22327129
134224186
25081175
22571243
22523261
3334128
3925060
17123031
14011290
131051
15124965
122181206
423292
724650
118252221
8252132
1299027
16213144
2019059
230150142
2225136
230762
17517069
17768209
16141177
22723637
162236142
8327155
13911815
14580191
684470
1762152
2381695
23999217
11824061
9517479
2505265
15311455
409168
12995107
234135171
18644187
2154915
218218105
22979226
164137149
27221109
2292171
531314
17242185
13119157
7431
22914662
677763
19918922
183233234
20185252
15525377
509151
1252582
15121639
230151246
1945039
8741181
131064
4221591
9060199
2724745
7768220
64155190
17425416
24234224
218147207
87167153
515871
247243153
5245247
82210205
18320379
5721176
22316187
10192112
107233235
98135234
202208236
39213221
3761157
110207110
126104208
21624767
204185198
11187184
235233171
19613523
3196250
212264
167859
19324474
188141170
130226253
101253130
123207177
124221184
7118212
174237180
36177212
156118244
66251160
92101127
135109101
8051112
1114054
57113188
1769686
142202230
3493115
22117179
37175135
1614519
19018335
76585
5674101
2627242
128173145
23613487
11010623
9994112
145240114
1893273
254224154
18548243
163162250
90151227
6935248
23022926
246190149
2213380
18985252
198253207
20617333
10813326
10660164
240200235
871927
249146207
1539819
18347241
119161140
9274155
19314632
10411324
1046232
232232157
211137133
1471387
15516395
4533182
168184139
14926121
494104
351020
6981169
40113140
8740241
70246189
2311920
11566249
224177145
55219202
10744214
3763125
8651112
204167189
622594
1177141
3115193
2208655
431983
1233369
7011412
94137199
219215
95214125
573949
3148128
24333226
15884230
211207104
19639
2429160
3860150
185201168
136214196
100107160
1292880
8111138
108169129
86177206
17812858
15323170
164184139
22220676
14819715
512187
18615174
113147110
44167217
74194229
9642189
771761
1376510
17715186
1871250
5230118
1015871
1005131
895454
5822594
220194246
105120104
7295162
121216111
10621649
6560150
28776
1158074
22328213
25226247
2566203
10652141
207140188
1348414
203148209
7538137
2462183
1149172
23822157
4333251
15513899
212951
515489
38252174
34225173
16423564
20124499
109220151
4518157
13114569
36206145
176235168
313570
651796
261376
149132129
6732230
9519738
42232213
227778
18011263
98237197
1258139
208180155
240237150
128988
25149214
13868135
234105131
996563
18030165
11017352
88133151
24112193
57218170
1235961
11622143
70238220
43194127
17222683
14681202
239112161
1077039
46214176
16330184
119192119
119948
67229186
4988106
1534475
167145187
54198114
337652
21339222
167148252
7959254
207178120
1541539
42181222
165211112
18164199
5669156
2071410
13671164
401066
2547090
77127223
2462831
1849192
234188190
173658
169229249
117104165
9088110
109246182
3177115
108130115
22114179
193181103
4046138
10327162
22363170
622773
6221742
34164223
7181226
21210710
2353591
20209170
22025411
68144154
19570168
16019594
249139153
19323558
1222112
12314830
10723491
9023441
2505353
114107241
89158168
861234
16444159
2006666
175232205
2918521
21262214
623142
12699231
233233121
14112094
19197234
4556127
1877136
11828137
2925197
46218143
165167176
1948689
219125208
186125142
10532237
245169209
2014774
22248189
9921622
1112859
204559
210181137
239239182
1421168
11910166
2197120
2094934
47159102
76202155
90164158
177119122
22811573
61181243
227144110
7229236
822797
12916675
5182173
2502134
549170
172172217
2507050
7426221
17525109
156113121
24232232
1457158
48113100
22460254
4920123
9256208
18025316
2108579
10697238
126206189
1592417
17424540
19623953
195133232
17363159
151246199
2016123
6864127
19681100
2413223
19124721
133214192
4850164
128230190
75111213
22203251
1421251
15514727
6818836
20236212
166745
111981
11154197
13632166
18921096
244200237
2062122
5122454
19754180
166142151
209234102
159146129
154103218
5615878
93150133
152114130
2301054
794224
14972169
31129229
22518699
154222190
3460171
180289
3499187
214125198
242237140
468836
7924519
15911551
907658
16345208
237221197
11197185
234230
224143202
226253120
4914912
6015872
40248211
7622234
24743
22726170
25113671
21075191
1863143
16415852
107247189
46152171
7317317
5422698
14952192
13487107
17313563
2222774
16022087
4696138
94194160
749279
162100211
8478221
2110287
18180183
24339205
24211065
22723163
14115563
24212958
117232193
1624992
24822891
246200106
19368196
1796394
697822
15023090
2071641
6211207
18713661
24213391
60160245
27156243
1245846
1113231
1032755
22724655
65239138
84124126
16201128
65145239
123184149
19563115
16085110
6821285
86117221
14583178
2229227
23419622
19057128
105113137
174186181
194200214
1855391
7820487
3747199
126185105
5916030
177172147
19771178
54180199
12234
16123799
160201127
5679240
244245238
10713121
2410756
12849148
14818136
53242170
74114100
6112983
2414280
18620149
18018010
14328244
1812713
168212230
197218150
15713447
11613166
1827216
14114129
179157226
16523528
2069151
34184187
18224468
376042
1375992
12521693
18218110
2016096
1966125
1324325
25017023
160249177
62232154
67149139
16619274
974429
1002023
23211104
115226106
22020384
11137229
15314370
22070175
10243211
158233247
1331642
29151209
21719393
3920381
1183284
30175
29170207
11413033
2227132
8221119
21213272
3513215
18157253
1908978
139244246
1511962
9113890
11115179
19152199
236246183
16923717
1604999
7151252
20791252
7139233
875210
120740
13918161
1695219
215174117
119121248
1179823
2023653
10650234
68168210
6530206
128237186
214205159
640220
148130143
334136
1126371
25026205
107133115
11421943
145140186
20125471
115244113
709101
1429415
54104171
17056111
101115178
128727
10119681
193137102
24454167
1641770
10933194
152042
19363232
57335
30152178
2176160
4180180
459468
7859228
178113245
6085
183232244
1002254
12694129
2233235
16625222
1315203
24725133
250205235
1939230
58191
2822939
19918028
80358
2545994
1241576
20417358
152191158
1969187
2264334
420980
227165162
12417776
17992244
200101175
152168251
16797189
774197
2316696
18664169
24193163
2512256
106757
4120064
1793039
219142150
23594129
16799197
1112058
11412867
2103168
227241130
174195153
16057
12513938
219100148
993145
17210982
9445248
1640165
9883175
6219787
759519
15426165
9246118
902373
65170142
150141151
20119331
19160156
26955
160177143
25419131
227225176
16024432
19534225
1404546
939251
4424551
2565123
2401123
194154135
17113198
15662
14914482
169123126
22712450
601706
7326114
1519163
8520224
2186261
25216117
8223013
15614832
16222253
1497228
98248176
12811188
468776
16795119
190111205
32220
131142172
54239145
12011292
28165149
144106166
9010796
23955125
7223951
14516715
21596163
224531
16517974
45133190
24861115
18027178
242105201
24819797
2533846
398724
6112220
184141165
98118160
19712930
12742131
17573110
23069198
120155176
10421260
20024768
35158152
1036940
8168123
13386160
14067100
26187242
5712263
17790117
190217196
22699252
16565179
3471186
25171115
19412439
254115140
92827
4236233
3097218
43188223
20710616
6323453
239185253
212176205
62200194
5114148
38207119
2118760
2538796
30149104
73229217
13739102
2173530
130276
1436110
5921362
397157
206191154
2018129
24010084
1779158
129243175
180193135
235223237
19343193
15225211
54210249
202185225
5953193
6272225
16872202
122829
84151217
692074
54618
36173223
13013285
142192250
444640
1882173
65122251
6013230
18817597
16127166
24083202
1043891
102152215
1441543
2166925
2225227
285026
30165177
11382110
9125175
113220107
3220790
189214158
225118
51130181
213296
5023560
12795161
195246135
17511812
45116149
94156245
316741
195248201
220100240
133205199
198225112
12121761
1644319
1642221
23036151
16623827
75209212
1719585
29173149
24620161
16216103
15248164
38103165
23680146
17617115
8222175
34196172
2326134
11195185
6524214
1317136
36189170
1232449
1141487
20321941
17914194
21842138
5476235
24361135
179119154
25361228
15820964
80174174
11817717
5166122
96207121
20772120
510379
31205135
14017568
13134105
236141227
10051167
13841101
3857161
196245105
7162121
153137210
21055253
21147171
25320619
1887018
50212164
126102249
539635
8916832
71172210
80349
3046154
19617921
120174113
72195155
13190198
1486175
8425135
16392124
157106225
191177162
88220115
181179200
161215149
39359
22283218
1211283
219215184
22787223
192247156
8630195
6243195
1382193
13317417
32207188
229206210
1581025
3559131
1132194
5436222
246164
153169190
20324674
215238103
20151114
7024892
4421249
17646235
22392113
133227125
16510260
1992511
2137489
302344
24730175
18749214
7412392
135178242
4722030
44219213
156177148
11925217
120253142
17477159
1954189
109104237
12980193
20240204
24023639
1596557
2129113
18311437
18422086
7567128
21023892
21421339
144144245
196197239
208158227
39154156
7423620
56194170
36185109
175126176
215190245
1670230
200170225
17489123
21165196
1127837
1865371
21861215
235238156
19214613
121223190
3962218
2478465
8824855
57209179
19122179
1324193
108234108
6119425
14237221
5398122
95120140
15296175
1166237
2484317
126248152
753336
185198183
20217211
19512347
3212866
254209188
158107240
216189209
18347123
116221174
242188109
50143233
87349
101239212
86247217
17693251
2291296
86209224
82248234
7825145
8914784
39181233
153202227
224165179
250201191
14666147
6810428
81962
154873
476232
106244238
16130207
424629
40188159
14959185
160253149
18014540
7610749
2124131
208393
598750
14819876
88185174
7589139
416770
964162
53179195
2067161
166542
1974048
1548157
13487158
1389234
193211173
14065117
4916266
14512011
59254
22321239
61201106
1119876
11518104
1748490
1081254
118201236
169164242
10375115
667554
20715286
816582
14815417
14814616
16316460
30100129
10926123
1385317
3199236
8021011
1597167
10860120
192221131
18164159
23816579
50212247
71627
2528981
64515
234777
14121110
10815335
5011330
191141109
406183
15610857
965182
10819457
37190138
149248146
1457213
12912259
116183120
139137250
5353107
43188124
9276149
23925174
14364163
18010276
27124203
34157170
234194152
138166227
14926170
9315342
5221853
20267200
169151209
22210668
65187242
51187174
4013052
61134166
115141101
2258248
8510349
92121201
215193161
8199254
24614750
210227126
19433160
4611395
60212121
181200230
234142235
55184209
823967
404746
20736190
18397135
9532250
18415112
188149192
23890133
21121047
7204127
13108136
41138212
22390212
29246210
96162128
43100122
22524037
4148148
25257126
125116170
113112141
23518177
22175211
67155158
1123365
424944
17416013
305581
106139249
16122012
174173168
244127131
38153148
20209159
25418937
61253133
6794114
195186234
6110224
2477860
2091888
819027
2385779
150226247
19679239
74599
196154236
16021393
15317564
51142113
61133141
806252
45146215
17724124
19616452
166169227
4414014
2209351
114649
115200246
86233168
174112167
2513472
239124135
1822094
31155251
10121894
95166147
128181203
61103187
10611481
5314370
1767119
1882022
9473181
15713936
168116180
232166254
17721046
16014540
21821120
188120190
13135148
335775
21165116
392423
23715591
96190240
