154241134
1260163
14985200
1135559
20980194
247162138
58103155
43101250
736516
53160153
20213460
16123638
99201118
101146130
183121188
3361202
941058
190250155
14530
82197227
20977146
246208237
14245130
211193144
144130187
2669206
165176234
3219744
58116160
169156220
655175
44213122
1724353
19794109
15419461
923266
17112719
1968162
19020525
96130127
61147130
131231221
134129174
10245206
18176211
9519114
2525411
65218102
20699216
8620271
864468
196224119
673141
20129173
114233196
1859160
1121528
61231253
2313460
1898175
55324
8453115
234150138
19914542
533175
22722011
22435253
7621995
37199242
246120196
